39857846807
38231378839
9432811484	
9432811484	
3206134455	
17712378568
17712378568
39449057842
39449057842
35280095869
39391712800
2096497710	
4898093329	
1190969009	
21357267886
47344022800
16845067783
34819962841
2357025360	
2357025360	
42392720843
4253816339	
16514584802
889629030	
4219262601	
16284824785
71379564409
9015813990	
64682889320
50024203890
39297002803
47134587835
47134587835
34634422808
40153120827
638881730	
78224128253
7353289945	
70375176152
7258864636	
8596142479	
18909863722
18909863722
18909863722
10041415647
11618837974
32603135830